intrinsic:
1387.500156704989 0.0 637.575611719055 
0.0 1387.3291379610362 342.867127287223 
0.0 0.0 1.0 
distortion:
0.013079180631726474 0.5161917770853569 -0.006983033918314112 0.0028371101471830083 -3.8315079293175907 
