intrinsic:
1652.6476793663112 0.0 665.7071649002949 
0.0 1652.2174938724572 338.4559034965347 
0.0 0.0 1.0 
distortion:
0.05134056863396433 -1.2870822775642525 -0.009729688121586425 0.00495888575450386 8.283165882359388 
